Positive/image-2024-05-01-13-37-42-1714567062.2134647.jpg 3 805 817 928 947 1291 341 1428 456 337 477 474 599
Positive/image-2024-05-01-13-37-44-1714567064.9116395.jpg 4 1290 335 1429 458 889 812 998 936 350 472 496 599 1031 2 1143 49
Positive/image-2024-05-01-13-37-46-1714567066.6207576.jpg 4 1294 340 1422 454 891 816 1001 947 395 486 527 622 1076 1 1190 50
Positive/image-2024-05-01-13-37-55-1714567075.5240757.jpg 4 1289 334 1422 460 803 806 915 938 394 483 517 566 1075 0 1184 55
Positive/image-2024-05-01-13-38-02-1714567082.7909575.jpg 1 691 259 978 538
Positive/image-2024-05-01-13-38-06-1714567086.9608727.jpg 1 650 314 1023 601
Positive/image-2024-05-01-13-38-10-1714567090.5509064.jpg 1 577 261 910 497
Positive/image-2024-05-01-13-38-13-1714567093.1810398.jpg 1 534 223 909 479
Positive/image-2024-05-01-13-38-17-1714567097.2809262.jpg 1 637 232 999 476
Positive/image-2024-05-01-13-38-22-1714567102.1821907.jpg 1 843 239 1127 479
Positive/image-2024-05-01-13-38-26-1714567106.6622913.jpg 1 1146 192 1494 477
Positive/image-2024-05-01-13-38-30-1714567110.8414671.jpg 1 1493 287 1850 577
Positive/image-2024-05-01-13-38-45-1714567125.9635549.jpg 2 750 115 940 290 1711 188 1881 343
Positive/image-2024-05-01-13-38-48-1714567128.4840195.jpg 1 519 66 794 308
Positive/image-2024-05-01-13-40-47-1714567247.8856041.jpg 3 970 565 1411 992 1458 61 1749 352 158 2 525 257
Positive/image-2024-05-01-13-40-49-1714567249.5785584.jpg 1 927 295 1390 739
Positive/image-2024-05-01-13-40-51-1714567251.3753595.jpg 1 1051 320 1549 805
Positive/image-2024-05-01-13-40-58-1714567258.2555535.jpg 1 905 282 1336 758
Positive/image-2024-05-01-13-41-06-1714567266.9552398.jpg 1 428 114 823 475
Positive/image-2024-05-01-13-41-08-1714567268.7351177.jpg 1 374 79 765 422
Positive/image-2024-05-01-13-41-10-1714567270.5210664.jpg 1 348 63 733 389
Positive/image-2024-05-01-13-41-22-1714567282.7707958.jpg 2 988 314 1236 513 47 631 322 841
Positive/image-2024-05-01-13-41-27-1714567287.655143.jpg 1 863 178 1246 529
Positive/image-2024-05-01-13-41-39-1714567299.433276.jpg 2 505 541 927 936 836 105 1117 335
Positive/image-2024-05-01-13-41-41-1714567301.5653577.jpg 2 850 150 1125 371 530 575 928 933
Positive/image-2024-05-01-13-41-43-1714567303.112403.jpg 2 616 645 1027 1033 846 139 1131 384
Positive/image-2024-05-01-13-41-45-1714567305.8154078.jpg 4 1072 661 1209 809 802 339 898 435 355 411 487 518 657 851 770 968
Positive/image-2024-05-01-13-41-52-1714567312.1587968.jpg 4 1250 499 1382 626 800 327 904 439 357 413 481 517 663 894 759 993
Positive/image-2024-05-01-13-41-58-1714567318.1754806.jpg 1 1026 129 1460 648
Positive/image4.png 4 1127 366 1239 489 529 361 689 516 727 237 838 318 556 50 645 134
Positive/initial-2023-05-03-04-17-40.jpg 1 580 62 773 222
Positive/initial-2023-05-03-04-18-51.jpg 1 1 171 192 542
Positive/Screenshot_2024-04-18_143845.png 4 1 232 110 364 846 424 963 584 723 385 872 533 627 312 779 450
Positive/Screenshot_2024-04-18_144004.png 3 848 272 919 366 157 268 241 362 530 462 648 552
Positive/Screenshot_2024-04-18_144011.png 3 896 419 997 504 471 317 562 415 384 169 468 237
Positive/Screenshot_2024-04-18_144017.png 3 426 181 508 253 446 362 550 452 902 426 990 505
Positive/Screenshot_2024-04-18_144026.png 3 1027 277 1097 347 623 486 738 609 227 277 327 381
Positive/Screenshot_2024-04-18_144037.png 3 623 404 731 513 955 277 1010 352 51 292 143 402
Positive/Screenshot_2024-04-18_144047.png 1 198 202 626 491
Positive/Screenshot_2024-04-18_144054.png 1 588 204 785 397
Positive/Screenshot_2024-04-18_144059.png 3 595 328 771 488 106 140 248 283 1317 111 1377 201
Positive/Screenshot_2024-04-18_144108.png 2 616 210 844 423 73 219 308 466
Positive/Screenshot_2024-04-18_144114.png 1 296 242 552 427
Positive/Screenshot_2024-04-18_144120.png 2 467 181 711 372 42 3 265 68
Positive/Screenshot_2024-04-18_144142.png 1 602 57 846 278
Positive/Screenshot_2024-04-18_144152.png 3 1005 166 1061 229 662 251 741 291 245 260 331 352
Positive/Screenshot_2024-04-18_144158.png 1 622 100 814 229
Positive/Screenshot_2024-04-18_144214.png 4 492 436 597 543 697 568 778 657 543 72 609 140 479 84 549 145
Positive/Screenshot_2024-04-18_144225.png 4 669 603 787 674 498 361 586 429 575 107 643 170 494 109 568 182
Positive/Screenshot_2024-04-18_144239.png 4 653 588 766 667 485 279 570 340 522 111 584 162 588 101 650 157
Positive/Screenshot_2024-04-18_144304.png 3 527 500 600 594 317 369 407 460 781 268 866 355
Positive/Screenshot_2024-04-18_144312.png 3 681 224 768 317 478 408 565 507 250 339 356 440
Positive/Screenshot_2024-04-18_144318.png 3 687 347 869 486 945 185 1077 330 146 192 291 331
Positive/Screenshot_2024-04-18_144329.png 1 403 125 725 400
Positive/Screenshot_2024-04-18_144333.png 1 456 147 749 457
Positive/Screenshot_2024-04-18_144338.png 2 454 248 563 347 971 79 1067 180
Positive/Screenshot_2024-04-18_144344.png 1 263 162 459 318
Positive/Screenshot_2024-04-18_144351.png 1 425 409 606 566
Positive/Screenshot_2024-04-18_144359.png 3 287 113 399 230 848 53 952 158 317 535 421 645
Positive/Screenshot_2024-04-18_144407.png 1 293 322 624 627
Positive/Screenshot_2024-04-18_144414.png 3 497 108 587 188 229 145 308 218 158 467 272 558
Positive/Screenshot_2024-04-18_144422.png 1 358 205 575 406
Positive/Screenshot_2024-04-18_144430.png 1 441 235 630 431
Positive/Screenshot_2024-04-18_144435.png 1 245 303 529 528
Positive/Screenshot_2024-04-18_144529.png 4 566 284 649 366 378 619 459 699 58 296 154 383 388 7 463 61
Positive/Screenshot_2024-04-18_144537.png 4 474 278 567 369 368 465 451 547 74 276 155 347 385 3 459 57
Positive/Screenshot_2024-04-18_144543.png 4 393 430 548 575 808 246 906 352 520 57 637 171 42 233 180 343
Positive/Screenshot_2024-04-18_144548.png 4 96 217 215 330 564 596 701 736 796 237 895 342 541 59 664 168
Positive/Screenshot_2024-04-18_144602.png 2 576 272 786 466 139 86 372 300
Positive/Screenshot_2024-04-18_144610.png 2 262 237 544 515 531 202 787 466
Positive/Screenshot_2024-04-18_144633.png 3 702 147 822 265 412 523 556 670 6 197 123 309
Positive/Screenshot_2024-04-18_144648.png 1 639 175 893 423
Positive/Screenshot_2024-04-18_144659.png 2 321 291 470 439 714 12 828 149
Positive/Screenshot_2024-04-18_144711.png 3 868 569 1092 706 677 2 800 133 174 281 334 416
Positive/Screenshot_2024-04-18_144829.png 4 912 215 1007 317 357 240 487 355 360 118 443 215 34 279 160 384
Positive/Screenshot_2024-04-18_144843.png 2 114 276 397 534 512 5 737 216
Positive/Screenshot_2024-04-18_144852.png 3 713 119 817 215 132 266 255 382 8 331 111 456
Positive/Screenshot_2024-04-18_144902.png 3 142 334 317 500 762 66 901 206 55 60 193 157
Positive/Screenshot_2024-04-18_144926.png 2 601 305 795 504 159 34 312 190
Positive/Screenshot_2024-04-18_144932.png 2 536 314 705 485 95 58 251 198
Positive/Screenshot_2024-04-18_144942.png 3 42 288 165 422 286 114 386 227 814 111 924 222
Positive/Screenshot_2024-04-18_144957.png 3 352 318 413 415 355 537 459 638 137 82 214 148
Positive/Screenshot_2024-04-18_145029.png 4 334 442 432 536 415 255 497 333 176 61 268 148 14 242 85 326
Positive/Screenshot_2024-04-18_145041.png 4 454 337 540 414 350 552 439 646 40 329 106 400 176 21 273 109
Positive/Screenshot_2024-04-18_145054.png 1 585 287 798 538
Positive/Screenshot_2024-04-18_145106.png 1 458 225 721 472
Positive/Screenshot_2024-04-18_145116.png 1 488 192 692 474
Positive/Screenshot_2024-04-18_145124.png 3 305 381 522 571 190 270 373 421 1163 91 1311 241
Positive/Screenshot_2024-04-18_145131.png 4 989 371 1239 631 1149 82 1296 227 307 336 535 583 145 245 336 454
Positive/Screenshot_2024-04-18_145138.png 2 873 133 1166 519 198 245 570 628
Positive/Screenshot_2024-04-18_145148.png 1 525 349 765 599
Positive/Screenshot_2024-04-18_145157.png 4 634 311 731 411 438 315 542 401 6 302 86 383 165 0 268 45
Positive/Screenshot_2024-04-18_145204.png 2 318 320 635 632 348 45 640 322
Positive/Screenshot_2024-04-18_145212.png 2 201 240 427 500 943 81 1144 342
Positive/Screenshot_2024-04-18_145219.png 2 703 28 977 335 148 252 461 563
Positive/Screenshot_2024-04-18_145225.png 2 423 224 742 618 130 16 423 316
Positive/Screenshot_2024-04-18_145245.png 2 404 350 556 575 601 14 824 260
Positive/Screenshot_2024-04-18_145259.png 4 744 394 841 487 389 530 473 627 363 80 436 167 732 205 823 304
Positive/Screenshot_2024-04-18_145306.png 1 433 119 864 467
Positive/Screenshot_2024-04-18_145317.png 4 689 395 788 486 676 206 762 299 407 454 500 555 265 124 372 222
Positive/Screenshot_2024-04-18_145723.png 4 172 301 264 403 578 628 672 729 694 385 789 491 685 212 769 302
Positive/Screenshot_2024-04-18_145729.png 4 715 394 821 497 708 223 792 305 535 525 643 616 231 259 318 355
Positive/Screenshot_2024-04-18_145734.png 1 682 204 1094 576
Positive/Screenshot_2024-04-18_145742.png 1 438 348 779 658
Positive/Screenshot_2024-04-18_145856.png 1 541 119 835 460
Positive/Screenshot_2024-04-18_145903.png 1 547 149 838 461
Positive/Screenshot_2024-04-18_145913.png 1 536 185 844 515
Positive/Screenshot_2024-04-18_145921.png 3 501 190 607 304 290 603 385 695 24 481 128 568
Positive/Screenshot_2024-04-18_145954.png 1 493 131 864 497
Positive/Screenshot_2024-04-18_150009.png 1 625 198 803 347
Positive/Screenshot_2024-04-18_150016.png 1 166 259 559 604
Positive/Screenshot_2024-04-18_150024.png 1 575 161 820 331
Positive/Screenshot_2024-04-18_150029.png 1 572 161 794 315
Positive/Screenshot_2024-04-18_150037.png 1 820 156 1041 354
Positive/Screenshot_2024-04-18_150044.png 1 1131 174 1324 382
Positive/Screenshot_2024-04-18_150049.png 3 412 87 521 205 424 403 500 488 125 445 237 555
Positive/Screenshot_2024-04-18_150056.png 2 753 263 1017 515 5 10 292 290
Positive/Screenshot_2024-04-18_150108.png 2 543 242 847 519 816 169 1031 329
Positive/Screenshot_2024-04-18_150353.png 2 191 181 321 302 732 1 846 83
Positive/Screenshot_2024-04-18_150413.png 2 303 175 463 353 41 47 163 160
Positive/Screenshot_2024-04-18_150503.png 3 307 157 435 261 500 58 673 202 311 298 409 436
Positive/Screenshot_2024-04-18_150615.png 4 378 268 540 422 319 71 460 237 95 13 221 105 748 348 851 476